t=2	t=4	t=6	t=8	t=10	t=12	t=14	t=16
l=100	4227.1158362425	34632.3644992881	24369.9800272356	31612.2075313808	27292.8837443382	21968.6431718062	18636.7128560431	17232.9347659248
l=200	298.4079207921	6318.8474576271	40530.4382470119	92713.6842181397	33662.2730210016	40969.0739091719	27283.7886435331	13457.7709923664
l=400	46.0707732634	1031.0317460318	5086.75	40919.3287435456	16617.3809885932	30106.3202536663	23460.4569892473	40080.897723824
l=600	0.2626970228	89.3436692506	492.8671328671	6252.4382239382	2668.7915936953	24934.2565150741	34542.6471507745	18133.561465721
l=800	0.00001	67.8509412217	91.1931034483	1584.2478157268	8813.9803832117	5778.6733393995	22924.5377534032	7242.8915857605
l=1000	0.1504779525	6.1098901099	430.9063183096	211.8389830508	4588.4801444043	4037.2606336426	3794.9213836478	9877.821958457
l=2000	0.00001	0.00001	0.00001	18.6420425091	63.0235402018	125.4188384214	24.0456140351	142.9261895841
