L=10	L=100	L=200	L=400	L=600	L=800	L=1000	L=2000
q=0.001	0.0341355849	0.1913228994	0.3075323928	0.380454867	0.3327151722	0.2488472694	0.1642021222	0.0173566668
q=0.01	0.0378076052	0.2444097117	0.349138449	0.3942434967	0.3241594896	0.2277908955	0.1481234579	0.0140847368
q=0.1	0.097440015	0.3132986931	0.3929132771	0.3935074395	0.2964478465	0.1905170916	0.1127247148	0.0078956212
q=0.99	0.28203335	0.3098919361	0.4126003495	0.2823502714	0.132886044	0.0897764863	0.0310689992	0.0012955974
