 q=0.001	 q=0.005 	 q=0.01	 q=0.05 	 q=0.1 	 q=0.5
ext=100 	719.622158593	750.3211290183	750.3211290183	706.9544894375	706.9544894375	356.2034216774
ext=200  	75.2571083039	71.6117112957	71.6117112957	60.8704910844	60.8704910844	27.7167060322
ext=400 	0.443612673	0.5848463999	0.5262315277	0.3079029132	0.3122909452	0.0672417587
ext=600 	0.0102018945	0.0129203521	0.0139241434	0.013364206	0.0138263046	0.0011296229
ext=800 	0.0008337098	0.0009301455	0.0008643803	0.0022441708	0.0007035529	0.0001935748
ext=1000 	0.000065477	2.57400776397962E-005	5.53733090068133E-005	4.52101977567695E-005	4.57029381535349E-006	1.56958302826323E-005
